122.876
122.866
122.87
122.862
122.862
122.886
122.858
122.856
122.868
122.867
122.868
122.874
122.864
122.86
122.856
122.86
122.872
122.869
122.864
122.868
122.857
122.854
122.867
122.863
122.862
122.868
122.863
122.864
122.862
122.872
122.889
122.859
122.868
122.866
122.868
122.866
122.86
122.86
122.858
122.864
122.861
122.888
122.872
122.871
122.867
122.865
122.858
122.857
122.853
122.868
==========
98.1298
98.1286
98.1081
98.24
98.5527
98.5743
98.5535
98.5515
98.5417
98.5403
98.5421
98.5537
98.5384
98.5414
98.5489
98.5422
98.5565
98.5481
98.5728
98.5412
98.5379
98.5557
98.5532
98.5543
98.5584
98.5454
98.5427
98.5475
98.554
98.5459
98.54
98.5498
98.5496
98.5532
98.5618
98.5525
98.5547
98.5417
98.5853
98.5372
98.5465
98.553
98.5463
98.5429
98.5476
98.5495
98.5394
98.5405
98.5442
98.5443
==========
