154.238
154.232
154.274
154.284
154.254
154.204
154.239
154.215
154.244
154.251
154.221
154.27
154.243
154.27
154.233
154.23
154.277
154.26
154.185
154.297
154.232
154.28
154.245
154.244
154.24
154.249
154.24
154.236
154.215
154.275
154.238
154.226
154.251
154.289
154.326
154.274
154.218
154.258
154.228
154.229
154.209
154.244
154.245
154.229
154.236
154.288
154.207
154.232
154.226
154.243
==========
127.076
127.094
127.091
127.09
127.082
127.08
127.056
127.051
127.067
127.06
127.032
127.071
127.061
127.084
127.049
127.06
127.054
127.058
127.057
127.059
127.053
127.058
127.055
127.04
127.052
127.046
127.029
127.052
127.041
127.051
127.04
127.07
127.043
127.068
127.03
127.028
127.031
127.035
127.049
127.074
127.046
127.026
127.023
127.062
127.044
127.018
127.075
127.036
127.046
127.059
==========
