235.125
235.365
236.247
236.338
235.584
234.655
234.697
234.472
235.356
235.472
235.604
236.054
235.246
235.684
234.793
236.047
234.735
234.677
234.812
234.485
235.035
235.016
235.204
234.825
234.588
236.169
234.903
237.593
236.117
234.136
235.059
236.093
234.462
234.723
235.482
235.569
234.782
236.303
234.701
235.654
236.084
235.433
235.073
235.778
234.839
235.508
235.656
234.751
234.93
235.266
==========
133.516
133.546
133.546
133.531
133.55
133.546
133.538
133.577
133.581
133.621
133.523
133.59
133.635
133.605
133.576
133.568
133.538
133.612
133.618
133.603
133.562
133.813
133.781
133.781
133.81
133.748
133.809
133.808
133.79
133.786
133.788
133.733
133.778
133.757
133.808
133.777
133.823
133.859
133.838
133.826
133.814
133.834
133.798
133.777
133.822
133.818
133.796
133.853
133.785
133.807
==========
