1.8896
1.88944
1.88762
1.88685
1.88624
1.88634
1.88646
1.88646
1.88634
1.88854
1.88819
1.88736
1.88416
1.88646
1.88646
1.88646
1.88422
1.88646
1.88442
1.88435
1.88531
1.88445
1.8865
1.88419
1.88838
1.8865
1.88445
1.8865
1.88634
1.88544
1.8865
1.88547
1.88426
1.8865
1.88445
1.88442
1.88419
1.88445
1.88646
1.8865
1.88429
1.88646
1.88646
1.88653
1.88634
1.8865
1.88445
1.8849
1.88634
1.8863
==========
1.49501
1.49357
1.49206
1.49171
1.49062
1.49142
1.49142
1.48938
1.49114
1.49133
1.49142
1.4904
1.49123
1.4904
1.49139
1.49043
1.49123
1.49037
1.49139
1.4904
1.49331
1.49171
1.49043
1.49171
1.49024
1.49325
1.49142
1.49142
1.48963
1.4904
1.48925
1.49142
1.49072
1.49142
1.49398
1.49952
1.49898
1.49853
1.4976
1.49654
1.49949
1.49859
1.49981
1.50125
1.49942
1.50122
1.49798
1.50166
1.49837
1.50067
==========
