0.014656
0.014816
0.011392
0.013536
0.013376
0.011488
0.01136
0.013312
0.01136
0.013696
0.011456
0.013632
0.011392
0.01152
0.011296
0.0136
0.011488
0.011488
0.011296
0.012576
0.013536
0.012672
0.01152
0.012608
0.011584
0.012672
0.011392
0.01152
0.01152
0.01152
0.01136
0.011424
0.013568
0.011488
0.0112
0.013536
0.011616
0.011712
0.011424
0.013664
0.011712
0.011712
0.012512
0.0136
0.011232
0.013568
0.011392
0.013664
0.011488
0.011648
==========
0.013312
0.014144
0.009536
0.009696
0.0104
0.009664
0.01024
0.01136
0.010304
0.011296
0.01136
0.011488
0.010496
0.00928
0.011232
0.009504
0.010432
0.010912
0.010144
0.011424
0.009376
0.011488
0.011232
0.010304
0.009408
0.010208
0.009344
0.011424
0.009408
0.0104
0.011296
0.011488
0.009376
0.0104
0.0112
0.011264
0.010464
0.009376
0.010272
0.011488
0.010464
0.009472
0.011296
0.011456
0.0104
0.009344
0.010272
0.011424
0.010304
0.009376
==========
