14.8569
14.8558
14.8526
14.854
14.8552
14.858
14.8572
14.8623
14.8592
14.8572
14.8571
14.8588
14.8572
14.8603
14.8582
14.8602
14.8627
14.8623
14.8597
14.8623
14.8596
14.8572
14.8562
14.8601
14.8572
14.8597
14.8562
14.8613
14.8624
14.8622
14.8605
14.8595
14.8605
14.8582
14.8582
14.8562
14.8599
14.8612
14.8552
14.8603
14.8608
14.8596
14.8603
14.8603
14.8592
14.8618
14.8577
14.8613
14.8582
14.8572
==========
11.7767
11.8017
11.8383
11.8368
11.8388
11.84
11.8371
11.8373
11.8366
11.8356
11.835
11.8393
11.8327
11.8335
11.8361
11.8337
11.8366
11.8383
11.837
11.836
11.8381
11.837
11.8383
11.8329
11.838
11.8347
11.8328
11.839
11.831
11.8341
11.8309
11.8383
11.8352
11.8361
11.8386
11.833
11.8359
11.8347
11.8356
11.835
11.8383
11.8356
11.8348
11.835
11.8371
11.8331
11.8334
11.8308
11.8341
11.8395
==========
