0.046656
0.046016
0.045344
0.044832
0.044608
0.04496
0.044864
0.045056
0.043776
0.045088
0.044064
0.045056
0.043936
0.044064
0.045344
0.045024
0.04384
0.0448
0.044032
0.043968
0.043872
0.044096
0.045088
0.044032
0.045888
0.044
0.045056
0.044032
0.043872
0.044064
0.045088
0.043072
0.044736
0.044
0.045312
0.042912
0.042496
0.044928
0.042912
0.04496
0.043904
0.045056
0.044992
0.044992
0.042624
0.043904
0.045056
0.044768
0.043776
0.045024
==========
0.037664
0.038016
0.03712
0.036448
0.035616
0.034656
0.03504
0.035168
0.036576
0.036
0.03696
0.035936
0.036896
0.036
0.036928
0.036032
0.035808
0.035968
0.036768
0.036
0.035808
0.036
0.035712
0.035008
0.03568
0.036928
0.036
0.035008
0.03376
0.036864
0.035968
0.037056
0.035488
0.037056
0.035904
0.036896
0.035712
0.035776
0.036992
0.036
0.03584
0.036032
0.036992
0.036096
0.0368
0.035936
0.034944
0.033952
0.035808
0.036
==========
