1.20429
1.2008
1.19795
1.20077
1.20083
1.19766
1.19766
1.20198
1.19674
1.19936
1.19699
1.19706
1.19478
1.19898
1.19494
1.19898
1.20064
1.19894
1.2031
1.20106
1.19949
1.19683
1.19766
1.19904
1.19875
1.19914
1.19907
1.20118
1.19488
1.20298
1.19686
1.19798
1.1968
1.19872
1.19914
1.20106
1.20077
1.19699
1.19904
1.19914
1.19478
1.20106
1.19914
1.20083
1.19686
1.19699
1.19702
1.19699
1.1968
1.19888
==========
1.08474
1.08672
1.08762
1.08234
1.0831
1.08432
1.08051
1.0863
1.08618
1.08416
1.08243
1.08736
1.08496
1.08243
1.08467
1.08259
1.08227
1.08048
1.08477
1.08256
1.0865
1.08227
1.08262
1.08256
1.08317
1.08448
1.08253
1.08451
1.08035
1.08352
1.08256
1.0825
1.08531
1.0865
1.08243
1.08029
1.08339
1.08224
1.08515
1.08464
1.08448
1.08458
1.0825
1.08019
1.08429
1.08458
1.0848
1.08221
1.0823
1.0825