3.82813
3.82362
3.82346
3.82234
3.8233
3.82346
3.82493
3.82285
3.8223
3.82326
3.82675
3.82342
3.82208
3.8231
3.82259
3.8224
3.82211
3.82326
3.82214
3.82224
3.82739
3.82387
3.8233
3.82224
3.82323
3.82227
3.82317
3.82214
3.82237
3.82221
3.82422
3.82493
3.82291
3.82211
3.82333
3.82413
3.82323
3.82314
3.8233
3.82317
3.82227
3.8223
3.82224
3.8233
3.82499
3.82301
3.82435
3.82272
3.82211
3.8223
==========
3.4368
3.43584
3.43494
3.43466
3.43418
3.4335
3.43283
3.43619
3.432
3.43402
3.43418
3.43392
3.43613
3.43392
3.43411
3.43405
3.43414
3.43418
3.43715
3.43411
3.43424
3.4335
3.43414
3.43302
3.43421
3.43427
3.43395
3.43418
3.43718
3.43677
3.43629
3.43414
3.43408
3.43402
3.43613
3.43405
3.43424
3.43373
3.43402
3.43232
3.43414
3.43418
3.43453
3.43402
3.43402
3.43206
3.43424
3.43398
3.43699
3.43408