123.001
122.996
123.01
122.997
122.994
123.017
122.998
122.994
122.992
122.994
122.993
122.996
122.983
122.994
122.996
122.992
122.994
122.992
122.992
122.996
122.998
122.984
122.991
122.986
122.994
122.983
122.982
122.996
122.981
122.992
123.006
122.978
122.989
122.996
122.981
122.988
122.986
122.994
122.988
122.984
122.99
123.007
122.982
122.981
122.979
122.986
122.983
122.987
122.983
122.986
==========
98.0983
98.0957
98.0972
98.1006
98.0916
98.1192
98.0988
98.0881
98.0917
98.089
98.0709
98.0823
98.0888
98.0888
98.0761
98.0808
98.2708
98.5155
98.5451
98.5302
98.5326
98.5169
98.5275
98.5177
98.5309
98.5259
98.5319
98.5278
98.5223
98.5186
98.5303
98.5211
98.5201
98.5469
98.5282
98.5299
98.5255
98.5303
98.5288
98.5304
98.5241
98.5287
98.5297
98.5212
98.518
98.5195
98.5216
98.5194
98.5307
98.5354
==========
