0.257888
0.255328
0.253728
0.252992
0.252768
0.25376
0.253024
0.253056
0.257088
0.253952
0.253216
0.252928
0.253472
0.253952
0.25296
0.253024
0.253056
0.254944
0.25312
0.252992
0.253088
0.253024
0.253088
0.253088
0.253536
0.253952
0.253248
0.253024
0.253632
0.253056
0.255104
0.253056
0.253568
0.253184
0.253216
0.254944
0.25264
0.255104
0.253024
0.253856
0.254912
0.253056
0.253184
0.25392
0.252832
0.253088
0.253088
0.253792
0.254624
0.25504
==========
0.203584
0.2056
0.203232
0.203136
0.2016
0.202176
0.202816
0.201888
0.203008
0.20176
0.202752
0.201664
0.201728
0.201184
0.202848
0.199872
0.202592
0.201824
0.203232
0.201824
0.20176
0.20176
0.201792
0.203232
0.201632
0.201952
0.201792
0.201184
0.20272
0.202784
0.201664
0.200832
0.20272
0.20256
0.20192
0.202816
0.20176
0.203008
0.202688
0.201984
0.201664
0.201856
0.201184
0.201952
0.202688
0.201792
0.202816
0.202592
0.202656
0.201824
==========
