982.259
982.25
982.214
982.179
982.224
982.231
982.226
982.168
982.211
982.174
982.167
982.158
982.163
982.139
982.18
982.134
982.147
982.126
982.152
982.143
982.143
982.13
982.129
982.11
982.134
982.147
982.11
982.134
982.133
982.118
982.119
982.131
982.115
982.158
982.166
982.096
982.088
982.109
982.133
982.123
982.109
982.112
982.132
982.142
982.17
982.109
982.094
982.152
982.107
982.112
==========
784.782
784.75
784.71
784.7
784.684
784.712
784.72
784.648
784.654
784.754
784.75
784.756
784.763
784.778
784.816
784.773
784.734
784.736
784.749
784.711
784.685
784.713
784.771
784.723
784.725
784.742
784.733
784.762
784.779
784.767
784.749
784.729
784.767
784.748
784.721
784.749
784.725
784.713
784.73
784.733
784.713
784.745
784.779
784.728
784.691
784.633
784.671
784.655
784.679
784.725
==========
